10.9612
8.98857
7.59231
13.4789
12.2008
13.3507
11.8284
8.65151
10.1861
10.7645
6.90705
11.0389
12.7727
7.46334
9.59639
9.87945
12.8985
10.1929
10.6462
8.39955
9.03828
11.7328
9.39262
10.8461
10.5246
9.62467
6.4783
11.9295
10.65
10.3926
10.7623
8.30516
8.83206
8.99202
9.10047
10.876
7.75144
9.09374
9.33864
8.91827
14.2117
10.3531
8.67247
5.02572
9.83292
8.92671
6.49955
9.6363
10.586
10.5663
7.353
9.01974
9.85641
11.4421
11.164
8.92271
10.0546
7.81529
11.182
12.4211
7.91095
11.6045
10.6046
9.71115
9.18032
11.2202
11.3878
12.32
12.124
11.2347
9.42857
12.0616
8.35006
11.021
8.97384
10.2434
8.8071
9.21289
8.88071
10.2544
8.73861
9.5732
6.64861
10.6255
7.61951
15.0804
8.5798
11.6265
15.0439
11.4821
8.22479
7.27646
11.5428
10.0552
9.30065
11.1219
9.60363
7.10446
10.2226
8.32963
6.74694
12.7346
12.2061
9.17851
6.65123
12.4757
7.96392
8.49052
11.3706
7.74987
11.7077
12.1431
10.6128
7.54023
12.3142
10.1843
12.391
8.28367
8.32502
8.4119
10.0535
11.7611
10.5033
10.2543
12.6335
7.225
7.50923
9.60268
9.98977
7.94272
12.0687
12.6693
10.0618
9.8742
8.369
7.23312
9.85359
9.46111
9.66916
13.0425
11.6013
10.2476
9.77501
9.6975
13.2357
11.0531
13.1676
10.3138
10.5441
9.69405
10.218
8.4039
8.15165
11.8967
8.28733
10.4352
9.32709
7.87901
12.5761
6.99492
5.4666
12.296
7.37623
10.5401
8.01114
8.58048
9.58641
8.23882
10.7756
10.7823
7.25666
14.086
10.7012
9.69562
10.7189
10.6382
9.10081
8.87564
10.0364
9.0746
7.34938
9.66129
7.56902
6.40921
8.75955
7.87262
9.78343
12.0836
11.3457
10.2202
7.37448
6.64851
12.8783
11.9286
12.7915
11.9649
5.34448
12.4916
10.6003
12.4898
8.91715
9.52805
8.39168
12.4397
9.10734
10.0517
10.0908
10.5631
10.5344
12.7886
11.7583
10.6035
14.6613
10.1656
15.4338
12.8846
11.1237
8.69673
11.1889
11.4068
10.9616
7.94881
11.0822
9.36851
8.66813
9.69133
6.49433
8.18941
8.7201
10.3075
10.872
6.93792
10.0761
8.47968
9.12745
11.6749
13.9676
10.9499
9.32042
12.9343
12.1815
10.8768
10.8253
12.6878
13.4957
11.4476
11.5062
9.58903
9.19363
7.81345
9.04495
8.04894
5.84525
10.556
8.49498
9.23267
11.6265
10.4669
8.2825
11.5058
11.2297
7.46769
6.66767
8.6024
6.98956
10.3126
8.64546
11.7868
9.69831
11.5242
10.6991
5.04366
6.4276
8.53412
8.05378
6.95145
10.9211
9.23471
8.5608
13.3175
9.73607
9.87209
7.21717
8.8355
8.22409
8.7825
11.7787
12.1421
12.6693
10.8695
14.0424
9.73362
12.5616
11.191
10.6433
9.21318
7.45424
10.5176
9.47117
12.3558
7.61025
5.78019
10.8979
8.70936
14.2367
13.5573
9.34566
10.0302
9.6368
8.77586
8.36808
13.6654
8.94035
7.56692
11.4128
7.63468
8.73098
11.0547
4.59196
9.70829
9.16198
10.3587
6.36076
7.80874
9.03576
9.60876
12.2687
11.34
12.0945
9.35993
7.97531
9.66244
8.17715
10.1766
10.8228
9.08871
10.8095
6.78244
8.20332
5.19708
13.5057
8.97591
9.8201
8.77088
8.91103
12.5793
11.1377
8.43029
9.85822
5.34749
7.95219
10.6919
12.28
10.5861
7.24404
12.0855
11.1868
8.98985
5.3027
9.60974
11.1861
10.0069
9.61348
8.24832
8.80425
11.4818
7.23294
12.6234
8.23199
11.3492
9.22079
11.1555
13.8399
10.8882
10.2407
13.9101
8.09534
9.59037
11.2788
9.06717
9.45206
11.8319
8.72846
8.38275
11.1832
10.6655
11.3085
7.82338
10.9372
10.7659
11.6132
6.54416
10.7359
9.36216
10.6079
9.48373
9.27861
9.70676
12.2358
14.4462
6.23693
9.75998
10.966
9.07611
9.11455
7.40779
8.56631
11.4089
10.4317
6.9155
12.6808
10.6739
5.30347
10.0368
13.8908
11.863
13.0205
10.0982
11.9305
7.72958
11.5393
13.5125
9.44159
11.0083
8.86891
7.52235
7.64762
10.9633
7.77865
7.87068
9.51554
7.42895
8.97492
10.6659
9.11238
13.3328
10.4154
10.3075
6.7237
6.97468
10.4586
7.06844
9.08223
13.4053
9.6708
8.21588
9.83994
11.6035
7.3265
8.20191
8.60068
5.5807
6.42431
6.63955
11.473
12.1316
10.0842
10.3304
10.1077
12.5204
9.06903
10.354
5.95284
11.5233
12.6772
12.2271
10.2062
10.369
8.24718
10.6696
9.73827
10.1833
8.90585
12.9677
10.1831
11.5277
9.73811
10.7185
9.08671
11.529
8.00818
12.6605
9.77527
10.2286
12.9264
10.9641
6.46652
8.77811
8.51439
12.9231
11.4906
7.87765
11.3119
11.8861
11.9313
7.27957
12.0422
10.7316
10.9244
6.92883
7.94919
12.0842
9.35384
10.9696
13.5305
14.3561
9.37614
13.2594
11.3331
6.71744
9.08007
6.43488
11.4019
8.3439
9.87443
10.7729
11.7274
8.76974
8.51969
10.2525
8.6944
8.48094
11.6788
7.75626
10.4055
12.6218
9.229
14.3408
7.74073
11.3664
9.34375
12.5268
8.46248
11.0837
11.5391
12.4012
9.19841
10.8836
8.37207
9.67615
11.1834
5.73345
10.2035
10.3659
7.97184
8.94819
9.60386
8.54026
9.33786
9.05454
9.4157
14.1584
9.69444
6.00017
11.6218
12.5171
9.08491
13.5274
10.7727
13.2871
9.27377
5.88438
11.9158
11.4316
8.03573
11.705
7.20835
8.45867
12.6574
10.4945
6.74171
11.1598
7.68012
13.1331
10.4379
5.13188
9.14043
11.5474
9.85309
11.4963
12.0977
11.229
5.20424
10.5495
10.0373
9.04191
13.4322
13.1252
6.41181
8.50511
14.0309
6.05143
12.3993
11.2859
11.3685
8.92908
10.0915
6.30884
8.47761
9.36088
9.88496
10.1749
11.2427
11.1258
9.26045
13.1182
8.56533
11.9236
12.6506
4.59556
10.9297
9.79568
4.20447
9.00471
9.49973
13.3068
9.65586
10.7329
10.6192
10.2823
14.5618
14.5094
12.0877
5.89302
10.9668
9.0664
9.24715
10.675
10.8347
14.1816
7.88371
14.4507
12.9921
10.0272
10.4168
8.61533
6.33165
10.9321
10.0375
11.5133
12.9713
10.446
9.97634
16.821
10.3736
9.09842
5.18549
11.9472
14.1159
12.2981
6.69083
9.8459
6.99481
12.2669
8.49923
5.59361
9.39324
8.25543
9.16613
7.08712
10.849
9.83692
5.7456
13.6884
10.7315
11.3268
12.7286
10.2833
8.15567
11.7132
11.8684
9.70123
7.06183
8.11191
11.8203
11.6411
6.62465
10.1385
11.3
12.0034
11.2992
8.65981
11.7539
8.80425
6.14092
12.1476
11.3294
10.9799
9.46772
9.67084
10.0742
12.2071
10.9584
6.96614
7.36923
13.4145
10.0756
10.0038
3.39522
11.3387
7.86755
6.59661
9.83739
12.0888
10.7604
7.21687
12.9406
8.03271
7.84285
11.209
9.46248
11.0707
10.6247
8.69986
10.6581
12.7912
11.175
10.5349
12.2979
8.88536
11.2864
10.9363
8.92169
10.2715
9.12869
13.5569
8.03799
9.88618
11.3551
9.71562
12.4522
10.8451
12.9932
7.88505
9.90892
7.67319
8.20501
8.8361
10.0289
11.8192
8.26747
5.98736
10.7558
9.8691
10.9453
10.3268
8.31991
7.96384
13.0714
13.0804
7.15211
11.2131
7.99676
9.19149
10.7074
11.4648
7.81034
9.51595
9.14502
12.6771
12.5059
9.91423
10.5744
9.51974
10.5448
10.6845
9.7496
9.67192
12.012
9.16296
11.3044
6.9097
8.95249
10.3695
10.9579
14.3961
9.69135
10.1928
8.90144
10.9813
10.4663
9.07582
10.9641
9.49234
6.35927
12.0469
10.9268
9.00124
10.8115
9.59464
8.21767
10.7377
9.5527
9.40218
9.41287
11.0187
11.9596
8.67659
9.3963
9.59987
10.9406
9.52044
10.7162
10.6657
7.68213
10.8275
9.92267
9.40588
9.93537
10.9409
11.3424
14.6263
10.268
8.72481
8.57621
9.69067
11.7455
9.01228
10.0626
7.63105
8.69524
6.0358
5.67227
6.89771
9.22651
10.7196
12.2016
13.4711
12.9901
6.97779
11.7118
9.77398
7.81076
10.4039
11.2329
9.12676
8.70953
8.83429
10.5327
8.24369
8.58022
9.27668
13.9666
12.0208
11.8687
8.434
9.34943
10.8314
13.5045
9.82824
10.4735
10.5691
10.4355
11.0773
10.6555
11.8603
11.7445
12.5664
11.6958
11.8926
11.2972
10.9187
11.7863
8.70275
9.29275
10.4877
12.3065
7.35905
10.4526
9.5401
8.15479
8.72712
13.0166
9.2034
9.59657
10.2333
7.43728
8.23749
9.63273
8.05436
10.7501
9.94674
13.2501
11.7745
7.1064
9.26
6.23042
8.57104
9.15255
8.43418
8.72191
10.8134
12.9007
8.22076
10.3528
9.3344
6.41254
5.27935
11.5731
14.8766
8.76029
10.3946
9.54136
10.4542
11.308
13.7515
14.1882
12.129
11.5488
8.4615
8.80374
9.57427
12.6381
10.2123
11.7268
8.54024
10.726
7.96559
8.80022
5.96427
11.4733
5.86433
9.63218
8.85848
13.1928
9.13146
10.9903
9.77374
10.2242
12.1258
11.6036
5.01768
10.9309
6.50196
12.7153
10.9704
11.1695
8.157
6.6085
13.3558
10.3682
10.2489
10.5169
9.88398
5.80331
10.2026
11.7003
8.61009
10.2159
10.5113
9.7242
9.66607
8.51504
13.1148
10.2135
10.9278
8.22105
8.05801
9.78249
10.6081
10.0181
11.7271
11.4165
10.6517
11.473
12.76
8.76279
11.3026
11.03
8.86885
6.13913
9.05703
8.76612
10.4925
7.53412
9.86462
10.8605
6.77393
10.5519
9.22535
9.21618
8.98709
8.52456
10.264
9.35951
11.0669
10.6113
12.2885
10.4365
13.1426
12.9364
11.2251
9.8509
6.64666
7.45457
13.0829
9.58277
10.2053
10.7831
11.3929
9.7661
10.2893
8.62197
8.57828
14.0033
11.8177
10.5745
10.5806
9.36744
13.019
10.083
7.93321
11.2202
9.10057
11.2262
11.1256
7.81428
10.2903
8.676
9.98989
10.443
11.6378
12.2612
9.34861
12.2494
11.4635
8.35951
10.5683
10.0333
11.2026
8.38613
6.88298
9.40603
10.5924
8.40662
10.378
9.76713
7.59763
9.33225
8.38394
8.46142
10.1777
7.22041
10.0162
14.0689
9.81209
8.84324
8.93807
11.8022
10.8028
12.7892
12.1215
8.33531
6.9507
10.7501
9.60289
10.506
10.7022
8.4587
10.8956
5.62773
12.3709
14.348
12.7236
11.6585
10.8612
8.91475
10.4885
8.89664
10.6714
10.1017
9.19151
13.5028
12.7027
10.1344
10.4285
15.6787
11.4921
11.1329
10.9946
12.3932
8.82003
10.8175
12.3851
12.663
9.02977
10.6063
12.5222
11.8788
6.10065
8.60262
9.30785
8.67482
10.0933
10.4754
7.33436
10.6619
11.3011
6.13118
8.81095
9.79757
12.1607
15.4318
9.27781
8.64073
9.57802
11.283
11.6397
9.9972
13.6434
11.5219
8.88573
10.9479
9.30161
11.4605
8.58576
13.9618
8.32766
12.3256
10.0614
10.0953
9.92092
6.34854
9.3849
8.77637
7.35294
8.12119
10.2296
12.7384
11.8308
10.0683
9.09202
9.22361
14.556
10.4417
7.9062
10.3196
9.56916
9.62664
14.2897
7.27801
8.31999
9.52364
10.6688
10.9181
6.09373
9.96254
10.9126
10.8114
10.7466
9.04524
9.25952
4.42374
11.8766
9.48735
13.6163
12.9608
10.7074
13.4528
7.80227
10.3549
10.3886
6.53473
10.6279
8.96989
11.2857
11.7986
9.39916
10.5266
13.9372
9.88193
5.12088
11.5938
8.80484
8.17153
11.2206
7.87027
9.0017
8.59578
10.7159
8.07322
12.9665
14.1421
9.36664
9.33375
8.44689
11.0056
11.3606
9.2834
6.84053
8.68677
10.081
9.41097
10.2944
6.3864
12.1232
11.0546
10.6593
12.8326
9.99323
10.9016
8.71445
12.0606
7.97857
10.7457
11.0847
13.498
8.33815
11.3584
11.9258
9.31449
9.4156
13.2961
11.7339
12.394
8.82446
9.1097
12.3468
11.5949
11.4553
15.471
6.87708
12.0669
10.3206
11.8731
9.7067
8.69581
11.3505
10.802
10.9062
11.5495
9.72265
12.2952
9.96966
9.17666
11.1693
13.6261
13.0226
9.11929
8.49469
11.0591
10.6737
9.732
10.5306
9.98557
7.72395
8.23445
7.04063
10.0347
8.41895
11.4399
13.9202
12.5711
12.0558
6.50154
12.3651
8.72485
10.9081
11.1514
10.1975
11.3589
15.3826
10.9549
6.66468
10.6329
8.40848
8.62459
8.98107
9.95185
10.4039
7.87311
8.59972
12.0664
11.1097
7.61538
12.8358
10.637
12.6838
14.6424
10.7309
8.2401
11.6148
9.74144
9.60207
13.9213
10.7335
12.0163
10.29
11.9361
8.9591
12.7626
7.80366
9.56997
8.00901
11.674
13.8649
13.6196
9.91625
7.14198
12.4583
8.61719
9.61777
10.1941
9.09197
11.7799
9.1695
11.4308
9.76182
11.2942
5.40009
9.16939
9.78711
10.0676
10.6195
14.2881
10.0126
8.32534
10.1945
11.8462
11.7058
10.8895
9.40907
8.60795
9.53196
11.7436
10.6523
11.5686
8.277
9.68318
9.09999
8.81663
7.69932
10.3891
6.63368
6.43115
6.28386
7.55044
11.6287
11.6139
10.5388
10.3803
6.39118
6.97558
9.71833
11.73
10.0001
10.8884
12.2222
8.93172
10.785
8.22117
9.86209
8.69295
10.3079
7.40964
7.7488
11.923
11.9431
8.1845
13.8297
10.0843
14.5529
7.42834
6.62189
9.6704
7.63975
11.448
11.4181
10.6079
12.6117
6.07825
13.0068
7.46931
12.1346
8.32185
10.1548
7.1415
5.84711
11.4386
7.90408
7.72141
10.871
11.7475
9.92975
11.2016
10.3988
7.11826
7.66972
11.4666
9.64633
11.1584
6.1346
7.42801
7.71242
13.7487
8.79656
9.4659
7.43797
12.0143
10.2166
10.4486
8.92705
9.91211
6.80667
10.6688
13.2434
12.1331
10.4483
10.3071
12.2293
9.17687
12.7664
8.45798
10.1545
10.8394
11.1929
9.39578
12.1486
7.12737
10.695
10.3655
11.2432
7.52394
7.53646
6.90334
7.61146
9.42303
12.524
9.32008
10.9466
9.95562
9.83609
11.5492
11.4986
9.07983
6.60214
11.477
10.6061
11.5401
11.0597
13.7045
12.3965
9.72612
10.9132
10.5631
13.2108
10.3732
9.12201
10.3721
7.93947
11.7077
11.471
10.4941
9.97872
9.03048
5.63392
10.3465
9.84205
11.1781
9.27878
10.4293
10.5226
13.3265
10.4953
8.52475
4.56514
8.54361
11.205
6.12668
7.89366
8.55006
11.4884
9.13586
11.6052
9.87819
11.5262
8.97025
8.4684
9.70558
7.60197
9.49888
10.6052
5.75058
9.6047
9.22814
14.1153
10.2111
5.36933
11.3159
12.4699
9.03682
11.1408
12.319
6.90043
8.48403
11.3851
9.06285
8.62842
11.2519
7.91169
7.95264
