12.2245
9.30935
11.2161
11.282
8.57584
12.3183
6.56211
10.8349
9.19989
14.5618
5.45656
10.4503
11.7327
12.7743
7.93485
10.6164
9.28359
10.6007
7.77238
9.35728
10.0949
12.4883
11.6897
6.9403
14.4483
10.7854
9.98717
10.9456
8.50033
11.9614
10.3085
13.113
9.54405
11.7893
7.34319
8.19097
10.1084
8.27408
7.87593
11.1265
11.5738
9.3906
9.8609
8.56322
6.59008
10.5811
8.71796
12.6736
10.3112
14.1636
10.0772
8.87502
9.78897
11.4613
10.6385
10.3275
8.21775
11.9709
12.6343
7.25334
11.0112
8.20196
9.6813
12.0224
11.948
8.99605
9.51528
10.7035
7.85199
12.6796
11.0579
10.2054
10.794
11.8103
9.77783
11.5585
9.21039
12.4472
10.529
11.1801
9.8154
7.00402
13.8815
8.12785
11.5989
7.07298
12.023
8.63807
9.41986
7.00006
8.33184
8.80539
12.835
5.80613
9.94352
13.2292
13.0762
8.05183
12.6776
8.59203
8.4728
8.01355
10.9879
7.0115
8.59218
10.9402
9.29884
10.5494
8.61236
11.0124
8.67587
10.0638
8.65547
8.92062
11.6678
11.303
10.1516
10.4526
11.3753
12.5615
10.0787
8.35747
9.68208
12.6344
10.8765
13.0555
10.7184
7.5544
7.76094
9.2801
5.89116
11.5305
14.4612
7.33643
10.5952
8.72839
10.3855
13.2199
10.4077
12
12.7076
11.4085
10.1394
10.1236
14.1893
9.93118
9.3022
10.6853
11.4934
7.4867
11.2321
7.42252
12.3076
7.89353
8.556
7.73501
8.71115
10.4028
7.61428
11.3047
10.0219
10.9673
6.49911
10.7338
10.6764
8.8071
8.49074
14.8977
11.3306
9.85301
9.12598
11.8569
6.62116
12.146
11.2468
9.00442
14.0648
9.60505
9.6429
6.14432
11.1542
8.27248
10.2322
9.12478
8.51921
13.3739
12.8279
12.2378
8.95994
7.85451
12.7236
13.1742
12.3871
8.22441
11.2991
8.39109
11.0621
10.4662
11.5901
7.47939
10.1366
8.26348
9.28231
11.1309
10.5584
8.78109
8.34854
9.41202
13.0298
13.6825
11.9501
7.52694
11.9133
8.53174
8.8684
7.93918
11.9671
8.98744
7.36507
9.46335
12.0511
11.5416
8.52052
10.7255
8.87723
12.6509
10.798
9.34638
12.8438
10.4652
9.4364
11.1258
9.86641
15.4843
8.48394
8.98363
12.2468
9.95316
9.75339
12.3681
9.92809
6.26472
8.08851
11.1016
10.8495
8.65259
15.0083
9.6319
11.5236
11.0105
8.7822
8.94779
9.99179
7.89195
8.11822
9.27406
9.60145
10.9825
11.53
10.4573
10.8028
10.7582
9.89986
5.79033
7.8251
13.269
11.3136
7.09135
8.42429
10.5915
8.20614
7.21547
9.46576
8.70459
9.76519
11.4039
11.1211
6.85376
11.4527
12.3955
9.90996
7.54564
11.7638
10.5787
10.1772
7.0783
13.1844
5.91713
12.3076
9.26134
7.70785
8.44018
12.7031
11.6341
11.3996
11.3556
9.30764
8.70692
11.3583
10.8212
8.76099
9.86013
7.06247
9.73475
8.36659
9.52233
7.41232
12.051
10.5086
9.39395
9.55219
12.9745
13.6636
8.90442
8.07216
10.4537
14.9914
11.8979
12.3709
6.55554
9.32991
11.3309
9.81828
7.43751
14.7532
11.1153
13.3846
12.7377
8.97901
11.2643
9.79472
6.91512
11.6967
8.91392
9.34897
11.7245
8.94654
12.13
10.1825
9.46837
8.55212
11.6612
10.8082
12.1565
8.58493
7.94211
7.51537
10.9252
8.55536
10.6463
11.8287
11.4218
7.42245
9.15002
6.35357
8.69464
7.30215
8.85416
10.2291
7.59175
10.069
9.39568
7.02221
7.07075
8.22889
12.1608
7.4364
11.6016
10.2026
11.625
11.1734
11.9545
12.2557
7.85604
10.232
12.4209
12.5444
13.0652
10.9273
5.02693
8.26938
12.7478
12.0553
11.2106
9.15472
10.3597
7.62793
10.9033
13.5145
11.1902
8.23782
7.84271
10.7952
11.83
7.91392
8.96202
10.7005
11.5866
12.1642
7.36342
10.2541
9.79297
7.54335
10.0248
11.9108
11.0203
8.40064
13.1246
12.1579
10.2772
10.2106
10.3811
10.1738
11.4643
9.36564
15.9622
12.4867
10.748
10.9255
9.62743
11.9915
10.4743
11.3691
12.577
11.2641
11.3536
7.03203
11.306
9.7766
7.47233
10.6294
10.7776
11.654
10.729
7.23742
13.5348
12.2713
13.4129
10.2564
7.66123
10.1552
9.08277
13.7954
10.3429
12.5481
10.1153
7.98108
9.94689
10.0292
8.72428
12.3778
9.12754
14.1947
8.54106
7.83409
9.47119
7.0503
8.91286
10.6095
12.5872
14.2881
7.23792
9.98299
10.3721
13.4076
12.3549
8.62854
8.61463
10.4087
11.3291
13.378
9.47262
9.59747
12.297
10.6687
10.4474
5.9479
10.8946
6.9803
9.75864
11.2798
9.90375
7.34182
9.64729
11.4696
11.3973
10.8265
9.505
6.63806
8.04824
14.0115
13.5933
10.9403
7.62188
9.30086
5.56215
10.4776
11.2927
7.38992
